8287
1114
8316
4725
7599
5408
1491
439
8447
3898
8386
7038
3266
2910
437
8923
7036
2706
5504
2446
1740
4122
2038
7055
1629
3487
7852
7649
2414
537
812
4790
7259
5339
4912
5021
6009
8916
518
2977
1177
6064
9249
3798
5800
7532
7152
7989
3931
4446
5408
724
7417
7349
5022
5766
5478
1856
7023
267
5050
9221
9974
429
8236
5153
5400
1749
8457
5954
6787
8033
5221
9867
1292
2061
31
9915
8998
5023
7006
3463
6680
3268
9405
4823
8437
6876
4818
4348
2175
2971
6126
112
6357
7226
7484
1035
8815
4430
2604
2595
3272
4312
7101
1664
4282
4773
1567
1075
470
2778
4568
3623
6117
8644
8947
8791
3054
3572
3936
2449
1928
6792
5832
5720
6713
345
8069
8569
738
9557
1737
1850
9303
1138
1603
6125
6825
7297
2894
4807
1159
5523
3333
9931
3900
5359
3079
6545
9338
3762
3889
8348
4030
4222
9727
2567
4276
8270
1184
7736
2495
1363
7928
9224
5040
4748
6744
5193
6723
242
7183
5728
1473
8186
7453
5736
3467
3396
1984
5673
9017
9707
4126
4592
3129
9583
8993
5363
4679
7229
4525
7772
9677
7509
3057
5533
5823
7985
4319
4453
9084
2285
2377
5519
1495
9267
5606
6027
7170
9315
8144
114
9929
4306
6233
3576
9376
8909
5770
1451
7368
7943
1723
4228
635
7197
8152
3145
6727
5671
6215
6898
4483
4644
4906
1389
3263
6633
5542
2376
5649
5433
3289
3131
4700
50
752
8003
5463
5578
6691
6500
276
2856
7976
2641
8196
5755
9971
2967
7044
9943
1631
1598
6722
5238
141
2357
2320
8231
3662
2957
357
499
4543
6978
9847
120
6637
3213
2497
9462
6214
5658
4959
1075
5368
4431
2790
5004
6803
7179
2702
4117
7930
4739
2267
2876
3364
3134
5137
9928
7831
9197
2588
8904
3592
4617
7457
1591
2757
4859
3976
1072
5086
6684
2543
9029
6830
4635
2095
8304
7449
3338
8464
7709
8644
223
9721
1392
7826
8391
4074
2518
277
4645
483
6723
3313
4746
452
8789
6117
9388
5088
6597
108
2364
9608
8093
2025
9665
3959
3776
525
8971
496
7653
4033
6489
9974
3111
5867
1737
4754
4687
226
5062
675
6237
2335
3085
9771
5440
4286
9373
4293
5587
2032
8172
6338
7706
1201
2092
1713
8712
3263
4724
2020
81
1058
9442
5063
4134
8307
1876
8579
7646
4757
4179
7127
2781
7713
5811
7600
1667
3731
3102
2793
5967
2792
9592
7812
1474
4208
6680
2252
7116
9342
3098
9679
8876
5040
5438
5065
5312
5989
3924
733
6342
2735
2898
419
3635
702
2524
2826
276
4981
45
3526
194
2085
5471
3403
2131
7562
5838
2258
6525
8588
9029
2833
6136
3828
9252
2245
5977
2196
9872
9264
8084
9777
7023
3175
4646
1982
15
1009
2394
8869
2889
1643
6273
4054
3462
750
7316
5558
7738
3307
3443
6785
5991
9732
5766
3616
2215
9671
8458
6972
8648
4600
2977
8663
610
3722
5063
966
5487
6324
2042
1062
4670
6385
5245
6875
6980
6221
2655
3975
420
3287
4871
5836
1127
3964
5026
371
7916
7035
7402
6681
9668
3331
8227
539
4057
3671
7410
439
8895
7213
8141
1514
9321
7383
2209
3173
6688
5833
4396
5604
2953
359
2749
6343
5444
3300
5694
9443
6881
631
911
1605
6113
4973
1017
202
4234
4062
1757
9269
2522
5692
4994
3362
3342
9310
9265
9180
690
5102
1385
4265
1555
3293
6617
1360
6475
808
3691
7685
5778
8154
2088
4423
5527
2137
7563
6924
3083
6327
3839
8939
6528
3614
9435
952
200
884
8394
5452
6442
111
6483
623
1041
2676
2786
5114
3860
8238
352
9239
5905
3625
7142
7252
3424
6634
1551
567
931
2589
5710
6144
518
1070
1341
1811
8483
557
8225
3846
389
7223
309
3286
7660
5012
2535
9973
7424
5851
773
2712
6219
5762
7434
6218
5697
4062
5133
9881
2223
1683
1121
430
3447
6030
1036
1098
920
3940
1697
9424
5107
7847
9459
7296
8361
365
5365
1118
5261
5141
8790
6819
5661
2341
3660
6165
5201
3228
5341
5929
1504
9354
2448
6445
7489
5063
9134
8201
7937
2128
9512
6491
2033
6063
9249
5865
1944
2896
4006
4039
5607
8851
9227
7534
1478
8866
5102
9776
9613
7623
5759
8468
5299
1202
7140
6406
5901
9234
4682
867
5508
7487
5840
9110
2429
9810
91
5109
5122
6838
7345
8873
781
6894
946
2001
9787
8280
5999
6530
9341
7221
1594
1317
543
9246
3280
4348
8842
9730
4486
4803
5325
3897
8701
6253
7704
1235
4076
1945
127
1627
7437
7625
710
831
2864
5544
7856
1336
5672
923
1150
7085
5967
6364
5997
5785
926
9076
898
6193
6407
3321
9416
4367
5112
5177
5683
7399
5853
9564
4827
9975
4538
2402
3939
7861
681
2582
2600
4090
5995
2066
2567
5716
8890
4975
6593
8868
4516
587
9389
2265
4172
5440
2351
3893
2663
3424
7004
4149
7644
7054
5108
133
1248
6803
3478
5538
3794
6125
9901
2907
6407
5004
6915
9741
6984
9681
9869
4322
7099
5896
8191
1768
8610
8238
8013
9941
126
4265
1796
4420
8241
2805
9101
3790
4035
673
9834
7751
1746
2401
573
287
5303
2356
25
8529
9771
7108
4921
4135
7194
5370
9152
455
1804
4388
5283
1189
3822
5677
9080
1165
61
1284
2130
9138
8241
489
2397
9731
8432
2396
3224
2020
7329
1106
3319
3930
7604
7564
8727
796
7021
8953
4416
8823
5855
8833
4836
9608
4412
6665
273
4143
4985
9384
7194
1004
1310
5320
2239
4803
1045
1386
7953
1174
4116
4319
7284
7065
378
8907
9058
7309
9115
3465
1321
8449
840
9413
6958
7414
2325
8749
6270
7454
8630
4124
2693
7191
5209
8616
1727
2521
4284
2946
6825
5494
8368
6169
366
4146
7293
6782
2715
8978
3131
7522
2347
9806
8745
3625
3536
9146
3849
2694
6968
8797
9687
9886
5825
1393
5313
7442
8876
7346
5306
7758
3358
7049
4732
5977
9395
5798
3907
4543
6975
2647
6295
9662
1887
2435
9389
4496
2093
7826
8022
4734
3907
1033
4669
8389
149
7117
5791
8000
538
1173
6035
4258
9955
1746
8316
7450
6679
3294
3088
4191
3837
6566
956
1734
3355
8626
7458
7006
8989
66
2233
7629
2076
3249
9550
2141
6214
4734
3839
2084
2270
8450
1743
7605
2940
1867
834
7751
3384
4476
4518
3152
6271
7177
23
55
9313
8408
851
5862
9588
8775
5689
7063
9308
4371
1594
368
9223
5366
1246
6232
9888
9028
3793
5053
4294
8886
7440
7638
7678
4912
6202
4877
9152
1386
2609
9963
5280
4087
1873
8481
1015
4916
699
7278
2570
2864
1881
2925
6848
3918
8694
4013
382
2510
7126
9908
2942
7745
4776
9320
6051
2059
5144
1253
657
5278
6797
44
225
8396
7268
2170
430
9987
4199
5771
9898
8551
4568
4529
9785
8780
7701
8921
4534
9458
1829
7387
8983
7985
7500
5853
3755
4547
6865
1295
7448
3553
6396
5086
9484
9812
5934
3752
3501
3831
1086
4443
9248
5987
9056
6407
622
4606
4346
953
2307
9325
2566
2656
14
2437
6452
3160
47
151
2853
4753
8279
6421
2455
3612
8538
5978
5779
7755
1050
6357
302
2498
8609
4814
7375
6496
3334
5590
4983
6739
9980
8795
4692
2562
4981
9526
2685
4478
7794
8826
5193
6270
5258
1089
4175
3828
3301
5300
7971
796
7805
9885
4457
1814
9273
2200
3580
67
8163
7479
9191
3381
1421
2064
9267
750
5643
3354
5786
9383
2902
134
1144
5781
6152
506
224
8291
2963
7083
2956
3803
4053
3332
473
5006
3063
8855
1447
8118
4905
9438
6194
8138
6441
1262
2165
1033
8296
7044
7442
5959
6712
2456
7054
458
5884
6671
3700
6383
9202
718
5487
3453
6165
9532
776
5203
183
8105
4933
7038
443
3320
9906
9450
1704
5265
980
979
7544
6194
7863
9000
4699
3984
1062
7404
9443
8023
9949
3853
4407
4856
9510
9281
1556
1992
6244
3740
9175
7165
7859
4095
597
4115
2378
6578
2423
3630
5724
9991
3580
5561
5146
5212
6074
3705
9010
3114
915
9161
1235
6087
1548
9857
4311
942
9636
7863
9279
4700
6221
192
3040
4573
3905
3752
6255
6979
8380
6751
7971
3450
5511
1200
906
2151
8908
4338
4274
7091
175
1541
8629
5832
9259
7860
6042
4752
1399
1379
876
8369
7258
4465
1535
1326
6433
4752
805
5308
7839
7772
7942
934
4194
2578
635
9849
8881
3028
7334
4811
6765
6968
7150
288
2249
5247
8627
8861
8868
5695
9610
6214
6416
6392
8010
1841
5468
7625
808
8585
3371
4041
8907
7380
5924
3262
5841
7835
826
6565
6423
3347
9496
6736
7892
8903
8234
1221
7832
2942
9090
5701
4914
8112
4393
4482
5883
8291
9746
4881
4886
1155
4907
9111
2172
8829
5125
1787
7213
2873
1221
3127
7074
4345
1339
1513
3868
1174
8124
945
7169
8305
5101
9795
9289
3253
5838
951
9190
2825
6796
2155
6242
4984
1140
1556
4701
425
4298
248
1393
8805
6345
5751
3682
426
3903
8223
2057
4092
8848
4513
5181
1348
7078
5132
4953
2054
2812
8042
189
4951
3997
2933
5840
9603
6740
7101
9235
7861
9792
7911
7807
4909
6874
1034
6540
9492
9240
3056
8310
8872
6072
1787
2715
1312
9038
1058
9944
4586
2986
8442
987
3507
6489
7432
4571
7357
3219
5344
9301
7100
7351
5993
171
9792
7768
897
8455
8023
4468
9888
3144
8687
9433
9041
8213
7637
3370
1988
5720
9915
1561
9116
3687
313
1339
4887
2475
7722
8492
8596
538
5835
2896
7739
6014
1943
7166
8816
6604
9098
1829
3314
1262
5823
5228
7816
8822
9585
20
3027
3245
4344
5447
7953
7101
2229
1972
9983
1991
1612
363
4538
8900
9697
415
2851
3549
7860
7892
1198
9687
16
8901
8417
3120
6489
398
3813
4271
8394
203
8455
538
1491
3722
6557
4478
6682
457
9406
3484
7365
3197
9967
1274
8146
8274
997
5283
527
5002
9844
347
5006
1624
5214
502
1082
9143
5862
2663
2014
3472
3911
8749
6315
6319
9935
2235
9456
5340
503
6772
9984
1786
4807
2982
5201
3035
398
4338
8945
2001
7745
5543
6171
8817
1371
5522
1632
9552
9128
9373
4487
2760
54
1066
9091
4246
4161
4121
7743
284
7932
4846
3631
5983
6301
2397
4058
8539
8894
2328
2795
2628
505
7065
8862
6879
9794
6569
4943
4061
8054
7468
9626
7642
9030
8178
8178
4588
6360
4256
1141
3162
9989
3382
9872
7438
550
6593
2377
5005
9918
2701
842
9722
4980
5526
8666
2310
659
5212
5778
1333
5905
1019
1116
5265
9890
6048
9844
15
5031
1717
1682
4726
8126
9581
7592
1334
8385
3459
7641
4412
1215
5912
3933
7477
1237
2872
1807
95
7176
1802
7571
2522
7498
651
1707
4486
5418
1741
8514
6945
3016
2380
2668
3617
314
5650
4507
2587
2882
8851
6932
993
2520
7066
7987
3493
8655
2611
4092
8565
7610
7335
7944
3502
6926
2139
3764
8816
7160
287
3941
921
8555
8518
7881
4954
6523
1132
8453
2666
5487
8451
7352
3083
5124
5259
7106
7291
7382
4760
732
416
7841
8022
2641
6345
4828
4356
1474
8037
1083
5456
5373
6729
3777
1991
3598
3962
6367
2395
8572
4431
7967
2587
7155
2533
3157
691
6007
6105
5481
6990
7884
2509
2646
4466
5672
1698
2
1580
1321
4273
3843
2427
9065
7424
8766
4972
7363
5780
5674
1798
3570
857
2557
1388
6748
3526
4192
1620
7572
865
7025
2219
7580
8410
2317
8964
3180
5607
2248
4231
3763
3065
9502
3823
3885
3673
5320
3997
3408
6619
810
6239
7900
9690
6907
3815
6944
7075
1489
1717
6190
749
2869
7208
5598
736
4246
7237
1639
6877
1188
7983
1092
107
2662
5178
285
1899
5979
5261
722
397
7330
7220
2370
4837
4158
4556
2376
5173
2592
2790
999
703
631
2868
8278
4910
4020
5562
8810
7360
8995
4271
346
6726
9965
9286
8565
2452
1534
1736
5450
1552
7472
6467
7028
7705
1556
4892
4554
8233
3102
1216
1174
2774
607
7240
3050
5924
14
810
9191
2440
6152
4033
5233
1092
8684
2694
216
649
8939
376
5586
6584
3690
6633
8491
1499
4909
85
4385
5751
7785
884
8096
5996
2840
6793
4171
2030
8312
4083
4853
5772
2403
7299
5700
75
2445
3632
8239
8192
1263
4115
5879
4865
4101
6465
7980
9417
6587
332
9966
3958
1496
426
8087
9858
360
54
9511
7078
2711
4659
8518
175
497
5763
6174
9155
2881
9578
305
8703
218
1254
8721
9330
2155
6933
2581
3897
6284
5688
4948
9939
6914
3111
8160
1149
758
5818
5179
2491
709
7271
8518
6461
3943
1571
612
3144
8464
5046
5561
3309
7659
9294
4819
1433
4711
9196
8036
1712
175
9689
8924
5698
2072
7684
8891
7075
9159
8327
6817
7169
7021
6183
3420
4949
6209
8483
5808
3399
9442
2300
6817
634
3616
2306
7962
6534
2752
4421
6135
2208
7813
7791
1966
3148
5659
4023
6214
6022
5426
608
1080
4935
6102
6654
649
1020
2669
3608
1628
4708
769
7105
8146
323
543
5446
8340
54
265
4696
7004
8212
7731
3799
3997
7637
9195
179
5550
3570
5366
9118
2215
7714
3213
2197
5620
7841
3881
5791
6443
1197
907
2063
3071
2966
5615
6276
8180
1023
3623
5323
9011
7634
2217
7478
2959
5696
4507
6811
4185
9194
7670
6657
9359
2945
4409
2523
7177
4340
3987
3002
1094
4315
6679
987
743
8648
4253
5132
1553
465
9383
6132
8447
6680
5574
1671
244
8102
3793
8613
9502
8773
9779
7240
7379
6636
5943
362
6902
6323
2124
4661
6051
432
6503
4011
8481
9109
813
7702
2373
5907
2584
5951
3809
6797
9952
9511
7725
6081
1704
635
6398
990
4151
1951
4790
2051
1997
7755
2820
6782
353
6088
531
7832
2712
9643
1725
8067
5137
1243
1226
103
4876
6480
3134
3858
205
9828
5211
4777
9727
9108
7614
8274
1651
3246
3849
1635
3261
4787
3618
6644
7722
3271
6857
5914
6194
76
3207
4888
8306
2086
3402
5216
4716
5765
9363
6851
8242
6221
5052
8932
8327
4817
9879
6118
4366
7295
2265
120
2332
1936
2945
1155
7583
1999
3300
5533
8792
1805
5875
2220
9607
8502
3947
3819
4734
2693
9703
2409
7102
9613
6511
668
6212
9465
2482
2986
6526
7259
4834
6939
8170
7191
2982
9076
1176
6190
7279
4098
6825
8342
3375
314
5548
4769
3265
7476
5700
2733
9001
226
1017
303
8334
7107
9002
6222
5064
9412
2920
4854
1381
8602
6918
6810
5319
7554
4351
398
2582
9247
881
9609
2825
4401
4024
2690
6931
7759
6692
4963
6463
8089
6297
7158
9781
1024
2399
4032
9175
5549
6505
8791
3537
8568
3418
8202
7656
7069
6314
640
6117
994
1488
5708
9911
7860
9241
7751
4378
2474
8030
2153
2387
4810
2907
6918
8652
932
8675
6425
228
340
2519
6713
8899
5933
239
9575
6453
9458
3337
9110
7284
240
6200
7750
5165
5716
4273
6296
8113
1778
3285
8590
7814
7775
4518
6707
2295
4009
2967
7540
372
8924
5456
1860
1065
941
1099
6848
1293
9720
7210
2425
9090
8554
3251
367
6425
4535
6901
3870
7653
7904
9624
7577
886
9513
7778
9176
4123
9112
7144
8401
8881
4133
2401
3882
5365
8554
4898
7323
3482
6183
8060
1125
7613
686
4691
1573
9222
6517
6024
3976
4871
8281
2585
8742
5860
8883
7913
1780
7697
6260
4589
8518
8502
3250
4605
9769
4018
5302
842
7129
6476
4034
8089
7332
953
603
9786
4775
4722
9489
1576
7758
5689
5310
3901
792
7904
2945
5910
3155
8297
5688
5005
2992
6972
6434
5189
4630
2020
3783
3714
2762
3755
6874
9927
7022
841
102
3077
4684
1992
5441
825
3819
9692
1818
3908
5769
8389
1440
2372
8732
102
127
1264
7310
2816
2799
4393
2586
120
3789
5452
5435
7319
6731
6047
6503
2166
8831
2253
6679
25
7547
9460
1356
9281
7118
9659
1088
2336
8361
5183
7038
4575
4183
9872
14
9227
9331
3894
1025
824
8144
9511
5957
3961
5908
6269
1445
6202
2434
9031
3247
9866
5025
3136
5245
7844
940
6814
7780
9213
5605
1823
4813
1072
5087
3068
6881
9548
9899
5372
8548
5204
8957
1491
2198
7098
6746
8009
8180
553
1682
780
6569
1375
3868
7608
9976
2141
6758
6795
9123
9388
2026
4838
1781
9665
7733
2621
3139
5965
5144
5408
1598
9401
9587
2897
5726
4588
6250
7148
9176
8598
5534
6373
8384
6205
5856
1092
2178
8345
3124
7519
6039
6344
7730
8557
8319
9060
4777
2647
6225
2146
9375
4922
483
6744
1077
322
6422
3527
2522
8047
1931
9032
1337
6588
594
7685
9620
5497
1847
9011
9157
563
2467
6968
6249
7018
638
6091
8703
7432
8152
6715
2671
1181
5244
5900
8250
8185
5206
8144
4321
5064
4279
792
4282
6360
192
9981
3410
1900
3798
8213
5139
7593
3719
9427
9630
7635
7580
6558
7754
2384
7068
5092
4352
468
8878
90
6813
3327
5284
6573
4090
9625
1894
3270
1067
8603
1551
4697
5737
608
4773
6926
9536
253
6904
2972
7147
1370
8950
6849
1129
9568
3502
3025
1304
2178
4944
6445
8235
3758
4988
8419
6048
7246
7071
9075
6613
7518
2902
7808
8428
9572
193
3126
3498
4029
1894
6972
883
6472
6424
2007
8759
7019
1627
5593
6864
308
990
6401
3442
3328
9021
2691
1524
3642
206
1035
6594
9671
9855
1872
4565
9211
6851
5683
591
5975
4681
2259
2807
7985
7522
5683
494
9419
3083
4857
6336
7718
9799
4466
2064
2166
8215
9569
4100
1318
4221
8593
3993
2552
1966
9491
2047
7826
5130
4334
1114
4328
4801
127
5723
411
19
2218
9049
1274
1093
9552
6944
1086
5081
7358
9434
8388
370
4199
2929
213
589
1970
4139
4060
5736
6305
7481
9805
9074
5696
9021
9934
3359
679
4270
9124
1674
1740
7178
2264
1052
9035
7838
6021
6059
796
8682
2738
8571
4253
6583
133
2297
8059
7312
5137
1149
5937
7056
7127
918
5840
9517
6433
3792
3293
3954
4780
3503
4578
8314
7401
2792
6879
37
9288
5205
1621
2924
5509
4765
785
7585
80
3114
5763
5758
4252
7152
9951
9336
2806
7444
4936
5630
8972
9775
1424
2327
7975
2438
1301
6509
4760
6214
6316
177
1953
9249
8214
3442
4695
301
9909
2427
2079
9923
8330
6898
4261
460
208
1800
6642
8482
4486
2725
4900
6381
458
8098
2839
2931
1386
9662
7524
175
1236
1494
8017
7233
2798
8035
8970
672
2979
3027
9566
2648
6590
2202
7609
4388
8014
3384
1363
9357
580
8262
2924
8442
3590
825
7389
3229
3456
1715
5111
8052
1775
5193
8696
4480
2520
9022
2640
980
4907
2505
9609
1480
4090
1563
4440
6521
7056
9257
3252
8534
6909
3507
9349
3705
5798
5127
6627
4125
8241
5659
6493
7528
346
8681
8776
329
3804
1751
2107
9197
9281
3542
7348
3300
3505
8240
9762
5028
8037
8308
7465
5854
6215
5378
8393
1554
5362
9579
7424
5123
945
7939
9276
375
8431
9737
226
2491
3390
3171
5405
613
2924
474
8775
8326
8935
1936
8893
9055
3816
1434
2019
6079
3821
9264
3159
5047
5630
6284
6208
4022
446
3451
2487
2604
9509
3493
6487
9209
1920
4689
2917
5252
3430
870
5756
3486
3257
9783
8769
1677
9123
575
1031
2634
8476
8360
3744
1098
2565
659
6547
3449
625
8338
829
8509
8306
892
8993
6536
3384
5762
1963
7972
8869
68
3207
6031
9605
7590
8766
8321
1130
4508
9035
1480
2417
7436
2443
8476
4310
9980
7623
8839
7394
9597
1128
1373
8707
191
7977
7978
2465
7344
146
3045
6577
6455
5474
9975
1580
2408
3168
7328
3838
161
6821
8913
4597
4552
9202
8560
8074
5551
617
2969
9992
3938
8217
7410
8811
395
8821
2784
3987
3794
8096
4579
9854
9897
2740
2528
315
3266
4860
3220
4536
5546
7546
1399
4735
9310
3318
8130
1762
1436
5674
3245
5619
3301
3660
5784
902
8784
8162
6914
8745
8183
5308
9936
658
1259
9587
2715
7635
9518
9839
6833
9590
6415
279
833
5251
5769
2442
9044
6182
7989
5338
8927
9556
8554
4672
5071
5533
689
8554
6296
3552
1325
433
2312
5849
8927
5095
2918
5459
1928
7000
9102
4303
5692
6344
9347
2806
2557
6065
6364
8802
8368
6196
5219
1999
6709
3825
4583
3396
2419
8129
5311
1383
7547
1215
5065
8721
9923
4465
9367
6434
290
867
6955
1807
9014
3060
5884
8022
8513
4350
7448
3218
9799
8210
355
1137
4731
5647
5557
93
3872
3835
461
1700
8448
67
7495
2287
3907
6979
5040
4531
5827
8426
4832
967
7719
6343
7026
2812
272
5298
9166
4668
2876
3049
9690
1411
6698
6332
3971
881
7609
7216
7277
1826
1100
3439
8953
4471
9415
7705
9165
2230
3352
7274
2827
6235
2940
1215
6505
7159
7569
961
7310
7499
8393
1916
7599
4470
6890
877
8721
4204
7266
9639
3123
1986
2866
5911
9276
4730
7947
9475
7658
9965
7715
7115
8897
8813
300
1766
3259
7948
5437
4900
8925
6381
5761
6903
702
5627
5604
9458
7202
2721
2360
9613
1492
1727
4212
3325
8916
7304
8222
2565
5224
6917
6586
5568
6293
6378
3430
4466
9516
5981
6046
9560
9466
2195
6076
3381
1660
2482
7815
6466
9804
9975
376
7392
7967
5384
324
8130
3506
7474
3848
1731
8751
2500
989
2434
6404
59
3190
3332
2386
2974
5662
2242
3100
9934
2065
8558
5249
9530
936
5682
5354
9291
1441
4745
1052
2718
2437
6164
7276
5212
9032
9584
4830
6439
9912
6980
7236
4350
5992
3463
9119
1818
82
2814
3371
9723
892
3675
7076
1070
7523
8055
121
3531
7153
8241
6205
6938
4308
2333
9229
9939
2530
6704
8300
4271
5461
9843
9317
2994
3154
7886
199
8510
6511
989
982
8036
422
3794
5924
6547
9297
9310
2933
303
6837
8116
6664
4912
8397
4586
3174
9484
774
4181
1564
3167
3254
6993
490
9358
3071
1016
2944
626
5920
970
3434
8033
8231
6028
2239
9169
1793
1608
1123
3189
7604
2246
874
8035
9939
7115
6566
3271
7777
7832
970
920
3274
4006
660
7119
5990
8407
6236
3302
2420
7585
9806
1690
1152
8753
5191
1780
1676
6980
4113
2085
267
4876
248
9112
80
6386
3684
3380
8097
1339
2005
4963
5407
8025
4233
8062
7982
7369
8899
8648
4419
8429
1036
6685
9127
7445
8398
3965
5501
9862
8913
8541
7397
2671
4695
5332
8518
9817
9866
4478
411
7775
5050
4208
3690
7770
6111
9823
3822
1489
3174
6275
7010
76
420
2675
1928
3507
7496
7911
3754
7099
3112
4471
587
2812
7069
3115
1127
4514
8203
1281
2637
5107
8097
5861
3069
2438
8693
774
2371
8153
6274
6745
6258
4106
6282
395
3801
6508
4194
6152
7741
7774
7940
6072
2490
8821
9964
44
5529
5494
6943
1774
2811
5300
9072
3990
7214
5804
4052
8491
5451
1579
4204
6257
1067
8332
9771
3419
3107
6677
7246
2709
522
1919
4850
7718
163
3353
2793
5811
3935
4487
9533
5727
8103
9121
1512
8318
450
9063
8844
5780
9630
1080
3480
1075
9223
3527
6739
8500
9176
2803
8835
5438
2575
371
3368
5895
129
2043
4949
8236
9483
6886
6056
2009
459
1211
2372
5633
114
8812
2841
4759
3021
6868
7481
4689
182
4466
7980
2086
1901
4074
4471
7552
5262
9004
453
294
5302
9361
4800
2626
3000
931
8202
7873
2344
7211
1422
6081
2619
5068
6231
1858
8299
9501
9507
8399
4141
1559
9696
6073
8718
3071
3745
4929
1585
7288
56
5431
5829
6641
4294
2989
2662
1903
9957
2957
4728
6530
1112
290
795
2591
9018
5081
5745
9534
118
4098
9147
6359
7407
2197
1384
4895
7850
103
8192
5615
5602
7781
6871
2544
4200
4423
9111
5563
4842
8985
7611
7491
38
1210
9217
7999
6585
8693
4057
821
8038
1251
5006
9464
2148
3699
122
5014
4000
7821
7248
6510
1876
1537
2454
9107
7207
2984
3024
9593
8791
2832
3019
4454
7549
1649
7398
5744
8180
2914
1830
2243
8540
5564
8886
5053
5533
4093
4940
7266
7934
7517
8240
3001
1666
9723
3441
7912
1019
6571
1521
4713
1630
2829
157
3298
3493
2478
1896
396
4623
6857
297
8423
3960
4598
2441
2515
2675
7238
5336
6170
5660
6421
811
496
8125
3308
4105
6896
5395
9932
8237
1015
1884
6796
7734
4516
4197
8759
6666
2578
7464
4225
3968
184
1833
8090
5062
394
3575
6345
2824
74
57
738
3410
6434
7850
2262
2635
6224
4971
9937
4999
2531
7832
1773
5479
5206
987
3928
3529
633
4477
7385
700
4195
3704
9909
8525
3921
2314
5988
5277
9111
9880
4925
2691
3869
1175
7586
3381
6516
2291
8809
2002
1807
5480
9505
8805
3119
8322
5328
7413
9368
2044
8402
379
950
1774
3565
6013
5795
8488
9023
3221
12
8566
997
1962
1316
3562
5501
2411
7891
2877
2281
466
2873
5692
5014
6105
9164
8492
9011
5011
6297
953
644
845
4501
8796
19
2849
9335
3342
3028
7040
2425
3799
5284
6143
4045
8873
102
5848
1212
2610
6436
8539
106
9538
2409
6991
8323
3990
9570
6223
1655
6606
2176
6675
7711
5639
857
9138
9878
4247
8797
8093
469
9352
8857
7296
4760
4282
3022
5121
7944
434
8977
1673
418
5740
8345
4783
1176
9937
8344
5605
2941
2037
9951
9540
4529
8026
3864
4472
708
9734
1088
461
8988
5063
7251
3655
5584
8676
1541
5589
5356
7500
2817
4594
2997
3079
4405
50
3108
9041
6550
4270
260
9378
2153
2564
6722
814
4897
9911
3825
6595
4476
4518
9157
6408
5797
6204
6779
1577
880
1685
2896
8710
1339
1587
3108
6334
1833
3969
7146
8684
679
1690
2810
9903
8836
5313
8044
2440
8233
4716
3495
575
5854
3051
8259
557
1380
6643
2682
2516
2058
2656
6773
79
6982
4718
4241
6232
6272
5525
7630
9836
457
5282
8100
7294
6118
289
4016
5411
5554
7360
1344
3197
1915
7211
2218
3007
8738
1051
3316
181
1827
405
3060
5242
8024
1177
9631
1138
3547
3981
9759
71
610
1107
3658
8730
7318
6398
1424
6268
9972
2521
5984
5683
6794
7865
595
2632
8352
7151
8957
5634
9290
1714
4824
806
9546
7134
2667
7114
8291
7200
1609
6113
7982
9734
1870
2763
8379
7582
7410
1728
9082
886
1452
7723
9305
9426
9453
4322
7877
1085
384
7095
5694
3638
8783
7358
4665
2594
5303
2272
1607
991
9145
1515
8073
1164
426
4329
1357
4620
890
713
4347
7179
1669
6377
1723
8349
1101
8062
3715
3104
7590
1682
9120
2244
4411
8272
8094
3814
1722
5447
1809
3594
475
4829
6845
3952
978
8881
2410
5224
5671
8745
5239
4545
6867
7615
5805
5836
3533
95
8108
3615
5399
2074
4886
7918
2523
4883
7578
9771
5036
8952
5516
9903
6408
689
1641
9132
8311
2711
9746
1605
487
7673
2928
3829
6956
6730
8328
3890
149
4069
1709
8820
1432
7562
6793
8887
4940
2224
251
7080
8441
1113
5343
2948
3445
1028
8584
5929
7131
1946
9601
3602
7426
9033
9794
4151
2772
1714
293
3952
82
3961
3655
8432
2753
9810
1451
2123
5116
5788
7312
6177
5047
778
6629
3821
9342
3236
6293
8023
1034
5683
531
8717
549
1403
7092
4104
7622
831
5377
4883
513
7916
8564
534
223
6437
323
8945
5273
3555
4470
5936
5936
3238
2991
865
3584
4714
7114
3814
4004
395
2779
6689
9563
9586
4753
735
2174
7633
9854
4004
8776
8349
8820
1352
6417
2903
6151
2286
5327
1520
2749
4157
3675
4459
7127
825
198
884
7870
9024
9194
4394
2736
7682
1271
7513
3200
6426
8400
9874
1280
3311
9090
5108
190
279
1758
7377
1758
7341
1534
1677
2906
6022
3793
8911
1225
1695
719
6886
8590
9987
1702
1973
6227
1919
9328
5819
5593
9508
9532
431
9883
4061
5868
5592
2411
161
1148
2248
6167
3307
7781
9738
2013
2850
1154
2718
5739
1669
113
2336
391
1805
8360
1454
4586
7938
7170
6875
3899
2732
9818
4307
334
332
8835
9663
2857
2298
6031
7576
7676
2344
5664
1051
6459
4282
7300
7369
3905
3459
7767
7207
3221
2009
61
2291
5621
3284
8926
6395
6347
5220
4572
2484
474
5607
5937
5980
1234
3849
1324
4654
6996
6261
9714
5212
4873
4829
7689
3052
6932
9585
3185
5034
9316
7558
155
2588
3834
3704
542
5611
5268
1791
7107
7859
7677
8409
1039
3444
9383
9346
352
1950
1033
2289
5693
6676
5311
1021
6722
7826
4856
9919
1099
3440
8293
9832
9230
888
9098
474
7765
80
5487
9581
1233
8623
7138
3347
6065
7581
6852
2187
3875
8677
3317
8287
6829
2716
2949
2138
6470
2432
7705
9498
6463
3899
2795
2916
1014
4936
3148
9003
6835
5324
6828
3011
8704
3317
7721
6474
6364
5501
4932
6
5607
5242
8602
3255
5613
7710
8335
5303
1254
7014
933
6333
3408
593
3554
6851
7930
8012
1621
6445
3054
498
2470
9718
4372
2942
1448
2976
8147
9112
8956
4417
9653
3704
5157
245
7198
3777
600
7612
4899
2179
8101
3083
3490
9501
8407
9858
2722
9119
1578
1931
9035
2361
9531
3117
4092
3026
8871
5490
5854
5382
6982
4740
760
3504
4855
7542
337
9412
5533
5358
365
6443
7372
7747
4957
5016
2786
719
3858
8869
45
3223
367
1377
6725
4256
8175
8672
5739
5623
6640
5324
7656
9716
2071
5138
8998
3453
1817
5272
2619
393
2677
5005
1786
8333
2260
94
5825
973
2599
518
7701
3300
2653
1700
4965
5338
428
2031
5022
1766
3907
5803
1157
1594
7875
6658
4387
3435
5538
5949
331
1081
6082
5977
547
3211
3388
9859
7142
8494
1524
7564
4811
9362
570
1818
9847
4110
7098
8522
6631
2527
5599
9729
31
3830
1862
8970
8926
1718
9350
4500
9884
5927
6951
4929
8226
9406
6991
5403
1124
9117
1130
4390
9205
902
337
815
1106
4041
7150
2241
5138
316
2914
8887
7833
3938
5805
4628
6363
5443
3716
4534
9929
8351
5505
4683
4036
723
485
7959
8788
9389
2302
4441
5186
331
6844
6122
6469
8329
5618
8334
7099
2236
4195
1295
4179
274
5506
3501
9078
1497
9242
3820
7770
6455
4366
1539
2953
8680
1470
2329
1515
5104
1183
4754
3684
9015
9160
74
1083
8000
6345
4215
1410
5439
9210
3931
4940
8184
184
8655
9444
484
6956
7488
850
7151
1061
186
5898
2462
687
7806
7913
492
5742
8689
6655
4851
5320
3686
5436
4035
8581
9629
7423
3071
336
6028
7421
1163
9405
6066
7414
5534
943
7936
1091
8088
7985
7324
4073
7147
1586
9746
9545
9641
744
1212
5359
8627
2089
413
5462
355
3549
1180
474
8157
6475
156
2317
6108
2763
9967
1457
5884
2172
4654
1986
3522
5749
4607
2903
4768
5020
9451
1027
1498
5709
1072
8812
8964
1109
2627
65
1904
9093
8331
3749
6089
2465
9899
7599
5793
8485
1003
7834
4160
6292
1100
1470
4182
9283
5272
2367
752
9634
3957
7575
2121
8649
6586
8492
6743
4959
882
1222
7992
4696
1010
8714
719
2729
5570
9167
2477
8812
9954
4019
920
7465
5168
9937
3391
7010
5421
8864
820
6842
9798
7534
2804
3673
424
5134
8715
8901
7270
3148
1736
3437
1523
170
8696
9009
9971
7229
9309
9561
4319
870
5873
5195
937
337
5746
2077
1506
7131
5465
4858
6627
6620
2361
4274
7453
9621
3835
4466
9630
6870
5272
5609
9979
3796
687
1909
575
4376
682
6708
6051
1427
9259
2971
1074
4678
3051
5608
2379
752
8973
6670
3890
7534
6504
5930
9790
6077
343
6408
1329
1883
1272
6870
8707
2953
4561
7425
8305
9382
9350
2431
9372
4407
3344
3991
2668
5093
5836
912
5883
2051
1961
8706
3542
4002
2829
8106
4811
7284
9767
4139
2820
6971
5330
667
4055
4536
8109
13
2517
4478
7299
8655
9124
8053
1480
8708
5816
722
5853
1496
8019
1404
5347
5831
3786
7522
3657
6855
5540
7853
7468
8904
4492
7181
1917
1203
9152
3983
4803
8310
4376
8165
19
3560
3254
9071
1757
6736
3415
4831
3050
5290
7661
6059
9195
7910
4417
4549
2295
3995
8744
4627
3169
9332
696
7827
8264
9401
4769
8005
3108
7124
1605
8026
428
5064
2373
1170
3427
4067
2311
6392
5548
1287
1046
7573
4766
7494
4022
3181
6338
3317
9914
1061
3551
9828
5803
1959
8906
4810
8470
8417
5566
3286
8039
3747
51
4499
8658
7506
4724
4767
5668
2193
8405
5431
4838
6320
6700
4063
778
1596
5365
5859
2274
8946
2427
4176
175
8653
7700
2472
1095
5794
2066
9928
6921
8508
2904
6697
1584
1928
1676
5789
9691
9733
5832
4873
1447
2141
1204
6233
1447
6573
1503
1852
8217
859
1482
8819
4114
7648
7029
6471
8143
6631
2286
7016
9654
9255
5206
5836
3688
8537
1378
5065
4367
4974
3885
2240
1619
1817
3744
5135
4684
4609
5183
5296
1448
1544
3536
5826
71
4796
4464
5496
1021
4350
5777
8294
8378
2390
719
3112
6689
819
5569
9662
4558
2863
8830
9923
8818
594
6358
7609
6303
8122
6933
5294
6757
8740
300
3660
9413
4158
4390
3834
5029
2506
9586
3053
9280
7338
6579
4062
3438
398
4292
9032
5315
4147
4640
4282
8257
6152
5600
1686
5769
7502
9742
3650
9682
5336
2037
5767
998
7085
8754
6226
8476
6400
6982
846
8369
7175
8557
4828
2043
6533
2263
9201
7934
1154
367
7494
1159
797
953
8850
7490
3729
8295
811
419
9014
4352
7255
9485
7401
8805
5355
1970
5639
9742
3292
1532
7288
4642
1593
1930
3041
3614
4481
9191
9452
341
9758
3652
3878
8354
627
9268
1041
9619
7752
7023
7122
4927
6670
6269
6486
2880
8752
686
8132
7591
1892
7285
5352
3784
8872
6314
4251
6441
5977
8199
4362
3796
9780
9713
7777
867
9679
380
5698
7567
7902
1778
4085
2224
151
9070
8856
2463
8298
640
7201
3786
5362
9217
8536
9436
4057
9649
2736
3628
8386
7308
5937
6792
7357
7028
3932
9205
8115
9900
7930
9283
3895
9237
7837
8423
5965
5520
5672
5231
6743
9813
5955
9273
5264
2796
408
2932
5617
822
4870
4409
329
8373
8212
8022
4303
1225
296
237
3528
9812
9941
8244
4724
4740
8127
7214
2722
2228
8703
556
7207
3963
5355
9556
1794
1414
7172
5769
1680
1878
5603
7356
9722
8009
630
7834
3100
2500
8989
2576
4396
6281
9943
2812
5174
707
8630
1772
1991
3894
1758
3847
3340
5622
1977
5942
9907
4246
657
5853
9196
778
5458
2677
7895
2095
6833
2887
2515
8811
2169
2663
8586
2591
1993
5481
5284
9667
4343
204
2315
4338
9245
1222
8124
6203
9099
4383
3894
1351
1592
6627
4710
971
4812
6182
7161
4423
7584
6603
3429
4405
5508
6888
628
8201
8569
3763
3561
9149
3860
1914
6298
9975
9304
3014
1456
9408
9063
8410
3101
5322
1655
2490
7297
4148
4892
4625
1957
109
9019
6276
9273
8193
4074
2950
1467
6494
2522
202
8447
6742
3156
3410
8965
7504
9309
3602
2442
488
1139
4462
9096
9309
1598
4241
3071
3941
2802
2761
4929
2323
1992
8769
768
9978
5397
4913
1398
7458
9590
7894
6940
3330
5999
3529
742
5904
8377
7146
6686
5646
9710
680
4603
4682
770
2027
5473
3516
9860
6619
2718
3025
9676
4096
4484
8745
6772
6021
1531
9641
7147
8805
2965
637
7867
5523
6574
8891
8888
6518
5950
9816
5606
2616
9585
1065
1910
2448
1290
8155
9837
3341
5448
5008
649
339
6146
2906
8153
4660
2211
5288
8092
3584
8346
3729
7164
6022
6979
817
9230
9061
9050
477
2059
1962
6041
1317
1273
3817
7743
4483
6506
7334
2528
7931
1306
6115
2909
5808
8843
9491
3841
2924
904
8964
8999
1999
1458
5851
6790
1471
2390
5977
1830
6565
5807
9907
4977
5947
4912
4524
5414
4781
9137
6078
1669
7368
6993
1050
885
5898
3159
7907
1255
8895
440
1325
2545
4885
2164
3118
5730
603
408
1543
3793
8192
2635
2391
3869
5840
8009
7229
8710
8430
9138
606
5962
2858
9540
1567
391
155
8948
3764
7413
4571
6323
5382
4365
3147
6160
1757
9661
1365
6832
276
8039
1559
2649
6595
6102
2261
1957
6405
34
9327
3956
8112
5526
9081
4926
8744
3262
8403
4841
6953
7395
3181
4204
6004
3299
7394
5263
4890
5947
9735
3870
6777
4966
2347
4164
6146
4687
455
2735
901
5122
4963
1261
2708
6726
6060
1999
7369
3496
3527
3531
8712
7506
8878
9182
671
4312
4653
3354
8027
1314
6788
4263
3541
9443
5546
1961
5873
8388
3469
1525
5590
9734
9755
2739
8688
8974
5668
9132
6617
4784
1667
5217
8393
9969
2619
1085
6616
42
4229
6828
1427
346
3275
3868
8340
1527
3443
585
9016
3643
4639
3061
8864
2431
3774
637
9740
1940
2288
7890
3682
4140
5560
4675
805
1480
514
2987
5679
8356
4882
69
1607
3323
3849
6803
2980
1104
464
2095
4972
5747
3332
9928
4282
8996
1946
1708
800
8406
1974
2185
969
9425
7316
9761
176
7672
895
8649
9781
4262
2623
8789
5011
493
1121
3188
4650
4496
3379
4956
3480
8096
1080
1818
116
4636
5933
729
9992
9446
1499
1521
5845
5248
8340
9487
2002
419
977
3173
9817
9963
2855
1408
7899
2989
8123
2254
8355
3890
502
1234
7716
3969
9229
4160
3458
5550
9623
8288
4851
9644
2629
966
7965
1040
8568
610
2707
4478
3826
3899
9291
6276
5985
797
1426
8635
8346
9222
1376
7978
9814
491
6427
4695
926
594
4970
1821
6417
4627
8075
2604
1034
8349
8943
7713
5588
4190
984
2844
7336
4968
7590
4979
6394
772
9703
3616
3988
531
2405
760
7285
7408
4812
5711
4336
2565
9763
8266
6783
9872
8404
8972
6258
1696
8262
4707
850
821
6537
7915
5710
7586
8088
8643
4623
860
5285
8199
9049
2039
5022
672
1816
2294
3358
5074
1193
3885
2956
7992
4288
3092
590
3307
9576
7624
1189
7042
2839
875
1828
9651
6164
1346
6181
1357
6965
2935
5386
1827
4006
1403
8793
6892
8845
6885
1365
2140
8079
9463
1372
2570
7172
9674
4604
821
4511
6176
5378
4638
6052
8528
7787
7379
5641
4735
357
2728
942
8616
9316
855
3748
745
8579
1698
8551
8599
3592
9446
4477
816
7447
9679
5604
1459
5176
5322
3421
7292
8473
8738
3526
6064
4237
8395
2076
1734
1836
6714
8557
2295
1872
3187
5953
1459
1453
9566
8026
5936
3072
2986
7317
3279
6173
8979
5593
3465
718
8629
9548
746
8976
3669
5715
6730
8501
5951
4492
2554
1294
545
1030
8679
6690
6720
7854
3911
7421
6061
5579
1641
5700
3124
4172
3299
4834
2502
832
6276
3280
4927
7193
6056
8092
7602
1163
6178
5910
3261
822
1696
8594
1533
8917
6232
6485
6237
8050
1682
4765
4240
5493
7585
9479
8461
670
6689
8273
7612
6615
5991
3035
3786
8255
860
2316
63
6640
6042
9691
3034
8192
2467
1996
2811
2430
1657
5910
4762
5235
9048
2037
2046
1750
4029
7936
8218
3296
4462
2885
1619
147
2457
7070
8583
3385
3616
9572
5208
5370
5412
5326
9195
1014
733
146
8475
2861
2405
3951
5796
3694
9437
827
1390
6530
1758
6845
6297
7271
4486
7314
5570
820
3857
8840
6054
4990
3458
7161
8155
6417
4776
3682
7916
4379
7000
3478
7610
3096
6993
1493
9329
8079
6801
608
9373
5832
4226
4556
7441
4337
5821
54
7562
9662
1032
9912
3395
6624
372
5670
1812
9992
677
4922
1173
1351
8472
5664
7828
8505
7990
8732
6857
3490
9256
7195
2369
2773
1907
5356
1232
7757
8101
3732
5905
678
3928
8423
2148
7107
4662
5446
3424
2309
8921
2578
73
1310
5109
7999
8502
1019
3492
7684
5594
5547
3219
7567
4775
545
7744
8101
6552
4426
4484
6931
2351
3571
8173
6692
8760
5696
4060
3131
8281
4705
1085
7537
5329
2286
8779
6639
7936
2468
8448
2630
1827
3155
1739
4462
8533
2197
2150
1283
4189
5139
9557
2668
3392
2082
7441
837
8511
997
3023
5999
9338
7231
9478
1272
8428
2353
9633
8603
442
8333
3863
5447
452
7933
300
9698
6808
5984
6714
3196
1249
1392
9473
1686
7523
9884
9473
7949
6970
5817
994
828
1861
4451
531
9964
1731
3844
7713
6658
5484
6994
3867
2025
6394
2768
2655
5419
7802
422
408
9058
9735
1727
4942
2576
9561
6741
5059
3582
7171
7721
2193
8928
9440
9705
6073
5509
9129
5778
5009
9292
3167
5718
8314
2196
7489
5233
4361
5338
7135
6146
4851
9511
1683
4680
529
5448
5081
7402
1159
3539
3664
2378
842
5301
1481
2901
6615
2016
1224
5159
648
6808
8780
3696
6289
1874
7605
4768
2225
677
3927
638
4653
3552
8200
6939
3546
3725
3662
6826
9943
7315
4369
6183
4329
4597
1256
6001
8739
4623
3504
5586
3484
9105
2203
5589
2822
5744
2284
2252
543
4989
4774
5017
2816
497
2057
722
4959
8400
6582
3059
9635
1888
1722
2223
2062
9447
1861
889
2978
1559
5230
8282
6412
5414
644
7329
7995
8054
1830
7174
5619
5533
190
2867
7182
1410
4923
6645
7891
1023
2744
9816
3126
37
2897
1451
8900
3042
2002
5147
6463
4634
3029
7815
903
2259
6046
8866
8957
5827
8760
7303
9250
5687
6176
8349
8130
6751
5854
4171
2074
1519
4687
9893
6320
3978
6532
8767
5116
1810
3745
5025
138
380
1466
7238
9825
7640
7220
2006
4899
3052
6654
4642
3365
5255
265
8009
4916
2960
2597
2059
8680
559
280
7916
9056
2552
5674
7839
5785
2375
6087
8874
612
390
1305
2163
6157
3135
8142
3717
6417
8256
5355
5218
5617
1287
4927
8795
5380
708
9926
8688
1360
5343
1165
4222
5767
7548
9577
9782
5805
5133
8006
3251
886
7274
6593
7970
5643
6815
9641
3977
8952
3671
9795
7929
1197
7885
6975
4089
4692
1737
5754
8154
50
4621
8663
7155
1567
5913
1130
8304
2674
5134
6519
3346
9296
9163
5561
4313
6833
137
3441
6800
8194
5892
5764
9470
1286
9021
6719
4751
5736
1314
8762
7136
6083
5448
4931
1902
7792
6983
7219
6355
2797
9128
8789
6180
1027
1271
4046
1345
5223
1617
5600
9423
3672
8465
4125
7331
6165
1953
8953
6727
5036
2111
9620
5409
179
6192
9538
1498
187
7805
9242
3404
6327
4370
4213
1926
8018
7733
574
5865
2444
2057
8001
6714
4992
571
63
3936
2480
241
6281
9222
8820
7927
3233
5916
3672
1424
8936
1803
9299
3943
7027
6162
164
4457
3141
5930
1274
2377
9309
9456
4457
1067
59
9742
1416
159
4158
153
8678
7209
599
815
5094
7355
1992
6739
9631
7598
4105
3134
741
1643
3524
2785
2303
3566
9203
8108
2246
9943
8492
5991
3455
5600
9306
7190
9378
8384
2881
843
9483
3796
6147
322
3368
1255
5809
9154
7244
9739
3480
6997
692
9889
9802
5578
9550
4171
4047
9099
4786
156
3132
1522
2096
2223
2573
1210
2381
3940
4834
5241
7252
1750
7823
6722
7950
5791
8113
3743
5038
9155
5027
3809
8823
2004
6351
7287
2192
9771
1879
8707
1777
1901
8108
7201
290
7670
3513
3079
8387
9475
7188
6600
7435
5495
3437
9628
7388
7067
2936
211
8291
8104
631
5921
5760
9666
3486
2882
1852
7704
435
392
5209
9282
1618
6032
9066
2535
7356
8293
5360
449
7334
7301
9388
7569
673
754
2371
8921
3422
8241
7469
2274
8809
3932
6959
3993
3516
1147
9246
815
2108
7498
1542
2309
2670
2221
3710
2550
9518
7636
5179
396
2652
1493
8141
536
9026
3371
9481
9185
1835
2939
288
9161
6470
936
9266
5141
5780
2352
5974
7511
1967
2599
64
1521
6803
1538
988
3493
21
5318
6395
3400
6342
8770
7337
5332
7907
8213
8188
9713
5413
1349
8560
2090
5089
5860
9928
5106
2787
631
8263
4685
2701
2834
5503
3192
7772
7475
7659
4395
7078
1158
4803
6061
2080
6825
3195
7144
5727
2174
9310
6580
4873
4126
6221
3817
9875
6313
2475
1002
1793
8601
1896
3799
3248
9854
9391
4487
7755
1639
6002
740
6917
9416
2551
7390
6952
8036
1247
8133
3317
4409
3572
1180
1726
6673
789
1810
678
2267
7023
7537
7657
8577
4236
2701
6161
9778
6289
2355
3872
1598
6439
5296
7825
8797
1021
3153
253
5145
7585
830
6057
6825
6670
4753
5796
975
6385
2576
7441
6879
3258
2418
9713
5426
7662
7773
2960
8316
9798
6267
9533
6422
9672
441
3434
80
2462
6191
7605
1246
9077
4836
4143
7640
1610
7404
7293
3451
2027
2750
3290
548
4091
6319
7712
2483
8111
3967
6217
5750
5137
6102
323
8529
4929
3106
6702
3408
3464
9555
3856
7253
5467
3783
4815
510
7379
8746
5868
4160
480
9395
2511
7678
7868
7882
6519
3232
6511
3849
7675
9477
1332
5519
1303
338
4788
8015
5619
7535
4399
5101
8109
363
3055
8948
7540
2511
3256
3297
5113
3463
5210
6279
7721
7552
4734
769
547
2770
3907
8057
1817
5723
4751
812
4310
229
4335
4481
8027
4249
1340
4115
9840
3589
7993
9224
7438
5800
3342
689
2833
5976
7191
3182
6305
9926
4613
2612
9833
5144
2696
80
8617
3770
8189
251
9695
6373
5761
3290
232
5211
8281
8340
4669
4225
4864
6182
7397
9099
4231
4988
2647
5240
7800
8113
1092
1765
3704
5391
2660
4495
5337
1282
3838
4538
4303
3795
4076
2013
6436
1311
8236
8840
6837
3860
6694
4565
6385
5291
5627
1592
7989
1407
8697
5008
6009
4936
8087
6787
2853
2673
4552
9474
7866
2776
2343
705
3815
4265
3232
6485
3912
5332
5589
9776
4456
2767
5182
4298
3531
3450
1204
12
6494
1963
6186
9764
8034
906
738
6248
6161
4737
1915
5597
7272
4041
6653
6613
3202
4981
752
3414
6838
9940
1859
9367
7691
4516
4328
4974
4367
1608
704
3306
7145
6453
5642
9178
6970
657
952
3261
3826
2183
7560
8712
9136
8489
7238
6351
7322
4576
7896
6954
8095
8981
412
1238
8449
5964
3625
4737
3260
8539
4679
6131
7772
2833
5910
2316
6513
9507
8398
8238
586
9716
879
5900
2632
1
5896
8418
7801
7970
7464
4994
5138
8543
1227
9493
5387
6660
3962
7908
1280
6538
5206
8253
5631
4056
1181
306
678
4075
2711
3915
7254
8491
4273
6337
6333
2746
5808
6342
5442
932
5259
4584
7943
3824
4818
1171
8638
1641
4779
1147
8035
5004
9004
2143
2290
8043
1730
6739
4099
6472
9198
9103
563
6495
1991
24
6910
8996
2102
8897
907
5211
5787
2523
271
1503
4819
3773
2742
8944
6308
5269
2787
4914
9423
7367
5229
2191
1320
2312
6087
685
7582
3621
1116
8722
7728
5790
2807
4883
4918
6863
9465
8393
8234
9706
2980
7704
4565
5434
9261
4665
5749
8014
1000
937
4312
3241
9678
5968
9284
3080
8593
8125
8530
7081
645
4873
2906
1531
2650
5222
8852
928
5983
479
3256
198
2688
3785
3278
2377
2923
4958
7210
6623
5746
1131
5529
7271
3123
4263
7632
1517
7512
8499
8221
9168
1641
8220
5149
3623
1275
5723
554
1335
8771
8015
3096
5800
2105
2528
8238
3101
9821
4609
6057
4206
9241
3727
6840
9796
9126
5823
8077
8117
7700
7512
4655
1476
5926
4761
384
3064
7810
3039
8574
1981
4957
5020
8897
7264
1822
154
4023
9131
6615
5088
3419
6252
7573
3828
5497
2099
3581
4137
8694
9705
3138
9089
3853
3357
299
6842
2933
2976
2229
8674
1415
8078
7430
8641
3665
7734
1781
9279
4380
5592
5064
8780
780
4626
5242
463
9365
1896
8089
2589
4592
7169
6151
5796
3145
9920
6040
4585
3081
4871
238
9167
3818
7135
3972
7487
254
7409
6826
7592
4824
6412
4864
7836
4335
5904
3550
2454
8752
8555
5101
8898
5187
2743
6116
5006
917
6576
2550
9813
3494
55
6164
6482
6675
3475
9309
1129
6514
5231
3650
1451
4799
8092
9636
9227
8217
2640
1898
1914
4597
2723
1393
1938
4426
9659
9022
861
4177
7140
9471
5830
2926
3082
3744
2112
617
7955
5866
3486
3643
6763
4454
5490
9983
5316
9079
8622
5857
324
9403
8858
1715
9113
8120
9138
5759
4519
3065
8296
7749
4619
5794
602
6784
2040
9476
501
6353
8997
8108
4217
4920
423
7953
7467
2338
6368
3984
1398
7763
457
1025
8978
1747
6535
5307
6070
4857
2854
81
1519
9860
1536
6648
5383
455
4438
1251
2201
9570
4102
1072
3170
1000
8312
3358
9798
7376
5886
5143
7854
5834
457
7758
8571
4919
1485
7821
7144
505
370
5107
5904
8972
5318
1756
6012
1821
4045
7079
95
4536
4445
8299
433
3220
2765
685
1264
9787
784
7965
3804
7271
6184
8898
9093
2683
826
6074
9348
7455
8825
1093
7714
8480
2588
3625
6048
6594
5138
6157
211
7217
3345
6490
5142
8436
9334
7053
1621
25
8189
9339
6135
4189
8598
2905
2267
6174
3057
4227
1752
837
4119
7747
7693
8084
8181
4460
5335
2121
6053
8815
6029
6924
198
6965
9419
1974
1001
2587
8672
9018
6563
7274
7087
1145
1129
4511
3656
989
9331
3193
8793
6084
606
5609
7893
8874
8316
9416
1897
9589
66
7198
5899
8607
8234
6449
8912
7315
1521
7709
3255
4591
6009
4416
777
8925
3764
5150
7868
516
6274
1270
6363
3335
1490
1038
6463
2757
1670
4084
9082
9957
7276
5708
1330
9281
6920
3724
6631
8494
4294
3274
6489
1098
6235
3908
1779
1247
7291
5133
6162
3770
8536
4110
3651
1350
3755
8646
8428
4147
701
1691
7974
795
4872
1649
4024
6863
1347
5286
6064
2771
841
8826
2138
995
7100
1350
4749
8446
4441
3603
2288
9546
7859
5233
707
9150
5160
1907
4356
2128
5419
5755
730
4440
323
8497
5326
2761
4867
8626
7865
5163
3583
9640
2
9157
7352
4133
6740
1168
4777
7885
6902
7640
9367
5301
5150
6215
8715
3544
6497
4146
9699
7719
5939
762
7991
8046
1805
5144
1183
1145
7225
2421
7759
2107
5199
5036
2117
8101
9322
2622
4148
5422
2485
8778
7619
1434
7645
1441
4324
6405
9197
903
5451
2189
9013
4905
4815
1211
8168
9948
8493
4410
3542
8769
5178
7775
8361
1466
7397
4810
7772
7524
3426
5164
566
2524
9880
7319
4051
3925
2880
9473
9969
1463
6718
2745
2120
9259
1848
7722
5012
1707
4965
7120
52
194
8621
3027
190
1102
7121
6741
4230
2339
4403
100
6334
6164
9932
9719
1321
5265
1242
991
7452
7107
6341
9601
6543
4211
7320
8075
7827
1721
789
2891
2150
7562
8068
7784
5978
7788
4596
9187
5880
7999
7723
9412
7721
136
2493
9485
4455
3570
7188
8042
823
3910
1291
6497
6468
2873
7581
2430
7670
2973
5520
4040
9390
7152
5629
2972
383
7809
1932
2469
5441
1817
1156
5659
1452
1597
943
6604
928
9207
8459
2272
8646
4147
1247
7488
6707
3282
9732
8463
1478
4246
9460
7862
6852
6449
1821
6877
2677
1747
6465
7859
3398
8491
3414
4356
7265
7835
4815
4679
9770
7745
3050
8707
153
5904
270
8048
3736
6198
5216
5019
294
3140
4849
5498
8091
8786
5204
6364
1288
745
6547
3959
9424
3954
7421
9611
5364
5532
1228
1123
8606
6675
6105
4862
4831
8062
5847
4301
4494
6626
633
756
2909
3610
3691
7903
4769
8612
1742
2130
4422
1498
1048
8374
1417
6757
2625
7657
5200
6831
2814
2193
8241
7174
6881
9201
3548
4588
9800
3720
8937
4111
1031
840
143
543
7769
169
3679
3697
7050
3344
1424
8541
6370
1701
1522
1640
9998
976
5509
1922
6266
5213
4378
4952
1594
7954
7957
5126
1421
5830
5597
4079
7870
4124
3979
6114
4476
6538
1828
3090
6562
4500
3667
8321
9837
4322
1151
3649
2297
7232
8558
4212
1719
9446
8711
3967
6392
2968
2832
5840
273
5157
9420
694
8796
5246
2475
2179
9283
7431
9948
9085
3294
134
4879
9609
9511
4109
8228
7072
1235
5325
1334
871
5051
6535
838
3298
8472
1365
6683
411
73
7382
8731
3905
7132
1831
9629
5819
3610
1393
7330
6902
8402
6297
6723
1712
2100
6953
645
6302
4219
3823
9007
946
705
1356
3324
2627
6002
5800
8186
1472
3671
5503
7989
5681
238
4972
2117
6594
1325
5787
4058
7570
6953
419
2497
4597
5374
7739
6136
6121
4563
2380
8198
9944
8814
4411
5968
5819
4117
4621
7012
6299
2396
2817
6618
5321
4687
1080
9047
2640
7378
3004
7510
6707
9278
5288
6009
5667
7576
2767
4327
4730
6162
2992
9962
167
6418
4985
4294
2756
7981
7251
3718
3036
4795
8962
7557
4956
9201
2094
6086
9208
3566
5662
7205
4428
2842
9070
3231
9282
6378
3353
9333
2322
9764
8032
4905
1793
8286
8970
1069
2371
4927
2675
5601
9687
8698
3017
8307
5475
3961
9730
5646
9038
9493
7299
3194
2352
436
1741
4525
116
3088
2278
8230
3111
6634
8035
7964
5852
5072
6800
2782
3757
4231
8326
991
9825
6020
7658
1406
8043
3620
6616
9453
2827
2304
5989
4422
3333
7613
748
6966
4740
4989
4913
380
2789
1957
1566
3496
2564
7145
5588
7185
5420
3619
9129
3053
3445
4535
4438
2157
8733
2445
5839
1341
351
1048
9622
1797
8754
6646
7696
6032
1941
1426
3715
1319
7999
284
6443
446
4003
418
3053
1919
6276
6777
4204
7239
4465
7194
7935
2849
4135
251
3909
7973
3204
7391
2877
6551
1090
9071
7620
9329
5149
6405
6531
449
8382
9811
9473
1151
8746
1113
3580
5184
973
2034
673
3153
3864
7214
1264
9384
9343
7891
12
3704
3064
23
4571
1051
7426
9587
3171
7415
8033
7232
3310
4357
2777
4186
1500
9638
3528
4573
3555
3946
5274
2237
9221
6760
5846
1823
7560
4985
7361
9342
9247
3124
4080
9643
3243
3086
2526
8930
6141
4112
7982
1157
1818
2931
3884
3283
6493
2079
4877
834
7267
2556
2376
5611
3231
2717
8170
9321
2973
4610
5556
5939
8708
3155
7781
1767
7261
9545
5695
7660
1984
938
6475
2413
7536
7298
1016
2605
7843
749
730
4619
5607
818
3677
2675
2014
5911
9709
3734
3915
8870
7653
5077
7727
6411
9625
5307
843
4324
2995
900
8068
1816
6378
3443
2668
4067
4085
5170
7475
146
824
9933
8606
1519
8606
5562
7783
4146
834
9402
9613
5440
6048
6008
9965
7736
7572
7715
3717
1988
7107
7807
1270
2221
3457
4631
3147
2236
3419
4741
6127
2688
1404
9638
7078
1177
4879
1983
8577
7059
4190
342
9930
8600
5864
6356
6935
1822
6093
7896
1017
150
9287
5684
4790
3878
3837
7414
7690
9508
1603
4414
217
2612
7578
7879
6882
7068
9734
664
9086
6532
3853
8213
4396
4072
4336
1388
2875
5660
6220
3169
3733
3017
9736
3984
8640
8720
9721
4973
4752
3485
3516
4373
1370
747
4487
9557
2159
4935
8595
4657
4076
8451
9769
3095
8575
9201
4567
8635
6715
1598
391
6660
1425
67
3967
1177
1732
4555
6951
9619
1426
5740
5682
4683
3375
3293
3859
2636
2338
1285
4689
4982
7498
1702
739
1560
679
5262
1778
7378
7150
5674
8149
4257
8247
1677
2944
8838
855
3840
5627
45
8634
245
183
8420
1385
5832
1364
1942
4485
1674
3273
1784
7666
3974
7285
6793
3614
2524
6894
2618
6895
1967
8697
8846
3446
9751
5032
1935
1353
5180
8791
1372
2457
7547
5117
4570
9432
5858
6936
4895
9749
2786
5374
5639
1896
9885
9216
9967
1328
2780
2137
5186
8214
6361
2739
3869
4219
6767
6376
439
9495
6387
5515
2050
5577
3945
5617
6983
6704
3506
4272
6231
9330
8947
1194
4321
8544
1598
8158
7636
6281
113
7565
1907
4079
6867
6131
7772
6250
5165
3027
9874
4224
7142
8759
6654
3694
1148
821
3775
5643
7794
7931
4399
9891
6166
8271
6992
6448
1499
4403
853
9632
1386
1802
9446
235
8835
4163
1640
4009
2634
3590
166
1006
5535
6188
7816
5932
2343
1238
196
173
7923
399
5054
6111
6212
8715
5297
1909
6354
9758
3434
5918
9377
3542
9304
4935
7002
709
4872
8494
5782
6194
5710
445
3830
6625
8872
4132
1580
1865
7067
8517
5645
8258
3155
3764
5252
7545
3671
9521
4879
2058
2472
3146
9270
1106
9009
6578
9841
6065
2093
820
6532
5886
879
8717
6666
1181
7159
6221
6680
1216
6469
1982
4780
8933
7792
7700
5817
3090
1273
2588
9565
897
5569
3729
1605
9197
4025
9786
4973
7759
663
717
4305
6248
7504
6882
1885
6743
6355
3537
1404
545
5370
4571
71
8041
9582
1044
2868
2985
3572
4111
8127
4066
7258
9202
8177
2093
5209
4736
897
1173
2112
9234
4810
7521
9644
6953
4381
5333
1742
383
6046
9940
9949
3210
6843
3606
6680
9443
7179
7096
4318
4712
2100
9785
7469
1850
9837
5714
8807
1284
471
1944
6388
5890
8944
6832
8297
3783
2757
5404
3547
2368
5602
258
3891
544
833
37
9760
9111
5532
9150
1373
9337
401
9788
4110
3741
1946
4969
7390
5586
6595
3410
5780
7735
3739
1937
2574
9520
6661
8741
2347
4293
5323
1486
435
4831
1668
4040
2774
9627
5813
9877
3345
7311
1189
7048
6085
9152
9765
4839
6929
6461
3948
8031
8239
4660
5928
9413
4023
4152
9058
3908
908
5465
7374
8833
3705
1937
3471
9455
1986
1307
3172
3788
6060
670
7753
5707
3508
7566
3545
7180
5219
9039
461
7327
7832
196
2789
1536
4478
8401
740
7086
79
2137
698
4309
7971
2471
8663
2928
5488
5237
3572
8124
2333
7964
7204
4314
2093
3779
5958
3070
1459
5242
3243
6334
4603
1680
1608
7024
3957
5239
7576
5447
6763
1814
598
5329
4048
8800
7816
4347
5322
3499
2256
1073
9124
183
4943
3149
9090
861
7559
3378
5960
5972
2618
84
4400
4003
1579
9706
711
1255
1779
6000
1837
9292
5409
9284
4338
5890
1509
3511
4918
747
9179
4448
32
3644
3078
8693
7380
9799
4334
8937
8946
178
4259
1115
6914
812
5602
1186
4594
8940
93
4766
3093
723
3605
1201
8065
6496
3406
2121
8087
8581
1894
2728
1636
2348
8140
9186
7910
4771
9032
3289
9745
5868
3441
3481
7319
7970
3095
4536
2014
4168
7681
8097
4779
7666
2210
3440
9649
2030
3742
2133
4532
1187
72
4139
4377
2040
7854
9059
5498
2192
6892
5605
6798
6729
3540
512
1061
7937
1952
1673
1216
2439
3079
1147
9389
1079
5502
5046
6198
6206
3710
378
2101
2996
6631
4036
157
356
9734
7744
383
5211
7588
5905
7959
9395
9205
6765
3192
8547
1318
8438
6147
7667
2121
8046
2538
363
1997
598
1808
1607
5657
8395
5283
5905
1609
2788
9981
1256
7557
3930
4700
7292
875
4812
2894
9468
4968
3
1970
340
882
6023
7916
7548
4392
6816
5311
4476
9579
3194
9340
4433
70
2486
8544
6843
8031
6703
9060
821
4024
8904
4229
402
6908
7615
8779
7643
234
9377
4240
6199
9114
4808
6777
2818
1652
9482
1000
468
316
8971
4434
4977
2191
3276
6815
4284
5858
9188
4702
355
4987
2040
1457
4287
1271
9683
9446
4601
8702
5573
9663
2263
5288
1600
3234
2945
1447
1126
8016
4960
242
6853
5984
3761
4222
7258
6661
6599
4553
9932
9425
4598
401
2345
1694
6346
6325
5688
9621